$ANSIBLE_VAULT;1.1;AES256
32653534316431646233393934333563353064613534616532323633633231306663323230353432
6135383838303534386164653237363263336263633533310a343837643564383530383865393834
62316632653865636137633737343232623433656538633963666436633132633232373132306334
3937306535633233370a306235343839356464366566313137666139306531376238323636383062
64323866343866353764633264653834643662353664363066653839323636636439383832343537
66376533343732353965323434346537383861633530663361383636303466313038393563636139
39356138646231613962316335343537326164303566373136316664316434313036663437313564
34333231346533303334303431643464386331393266336535343034663964626238356134393662
36383331613766306663366431666133326161626236633765643131663834393138383432656166
66326639656364623237353062363837616339386638623035643832303666633336376563366337
66333238653464316237316430623130343438636638326566336636313131623336623465383637
37326233323532376462663635303734656333396539643463323765303961323032646562616134
63313231343263356137333263306238626633373163306162643538383130336636
